Testing heapsort...

Test 1
Input:  0 1 2 3 4 5 6 7 8 9 10 11 12 13 14 15 16 17 18 19 
Output: 0 1 2 3 4 5 6 7 8 9 10 11 12 13 14 15 16 17 18 19 

Test 2
Input:  19 18 17 16 15 14 13 12 11 10 9 8 7 6 5 4 3 2 1 0 
Output: 0 1 2 3 4 5 6 7 8 9 10 11 12 13 14 15 16 17 18 19 

Test 3
Input:  0 0 0 0 0 0 0 0 0 0 0 0 0 0 0 0 0 0 0 0 
Output: 0 0 0 0 0 0 0 0 0 0 0 0 0 0 0 0 0 0 0 0 

Test 4
Input:  16 2 11 0 10 13 5 11 19 4 17 10 13 4 14 13 9 12 5 3 
Output: 0 2 3 4 4 5 5 9 10 10 11 11 12 13 13 13 14 16 17 19 
